160719
8531
114696
30627
53594
34754
42282
99295
73790
54502
48851
17011
74122
42706
74518
76955
33654
141240
8151
8328
8548
155534
80119
33065
32395
32407
9058
74707
157825
17292
34719
105014
109499
85521
91438
105506
77166
111598
126366
150590
63954
24307
55028
66950
74101
74269
13163
158608
90472
77904
11086
19909
67674
128988
128989
128990
139658
15099
159007
129456
90206
67565
67441
130489
130427
51729
15212
15841
141115
15875
99956
115239
140743
150765
74516
137539
101348
72136
101223
107794
29331
83463
52504
74526
21672
76033
351
6939
21596
59749
25892
8286
18207
103972
109547
56689
152677
67685
141146
103863
95875
16084
146873
110234
19754
19916
19918
149833
106781
106723
96492
128171
157460
64999
18204
158980
60825
14692
101344
101630
143930
67468
106900
111262
